00000001111100000000001111100000000001111100000000001111
10000011000101011110011000101011110011100000001100111000
10101111001100010101111001110000000110011100010101111001
10001010111100111000000011001110001010111100110001010111
10011100000001100111000101011110011000101011110011100000
00110011100010101111001100010101111001110000000110011100
01010111100110001010111100111000000011001110001010111100
11000101011110011100000001100111000101011110011000101011
11001110000000110011100010101111001100010101101001110000
00011001110001010111100110001010111100111000000011001110
00101011110011000101011110011100000001100111000101011110
01100010101111001110000000110011100010101111001100010101
11000000011110111000000000000000000000000001010001000000
00100111110000000000111110000000000111110000000000111110
00001100010101111001100010101111001110000000110011100010
10111100110001010111100111000000011001110001010011100110
00101011110011100000001100111010101011110011000101011110
01110000000110011100010101111001100000101111001110000000
11001110011010111100110001010111100111000000011001110001
01011110011000101011110011100000001100111000101011110011
00010101111001110000000110011100010101111001100010101111
00111000000011011110001010111100110001010111100111000000
01100111000101011110011000101011110011100000001100111000
10101111001100010101111001110000000110011100010101111001
10001010111100111000000011001110001010111100110001010111
00000001111111100000000000001000000000010111000000000000
01111100000010001110100000000001111100000000001111100000
