3+5 
* 
145.0 
***Wires*** 
8 
0.0, 0.521, 0.0, 0.0, -0.521, 0.0, 0.0015, -1 
0.4695, 0.495, 0.0, 0.4695, -0.495, 0.0, 0.0015, -1 
0.7965, 0.448, 0.0, 0.7965, -0.448, 0.0, 0.0015, -1 
0.357, 0.1675, 0.0, 0.357, -0.1675, 0.0, 0.0015, -1 
0.4255, 0.161, 0.0, 0.4255, -0.161, 0.0, 0.0015, -1 
0.5125, 0.1595, 0.0, 0.5125, -0.1595, 0.0, 0.0015, -1 
0.7135, 0.152, 0.0, 0.7135, -0.152, 0.0, 0.0015, -1 
0.9055, 0.151, 0.0, 0.9055, -0.151, 0.0, 0.0015, -1 
***Source*** 
1, 0 
w2c, 0.0, 1.0 
***Load*** 
0, 1 
***Segmentation*** 
400, 40, 2.0, 2 
***G/H/M/R/AzEl/X*** 
0, 10.0, 1, 50.0, 120, 60, 0.0 
###Comment### 
Mod by Anatly, UA9FY 28.07.2013 10:01:26 
Mod by Serge, RZ9CJ 15.04.2008 17:21:47 
Created by Serge, RZ9CJ 14.04.2008 13:38:06