Многокаскадная ромбическая антенна: Phi=60,0 град.; L=2,0 wl; Nc=2; Dl=0,0 wl
*
26.0
***Wires***
10
0.0,	-0.106302,	0.0,	0.0,	0.106302,	0.0,	0.005,	-1
0.0,	-0.106302,	0.0,	19.971878,	-11.637072,	0.0,	0.005,	-1
0.0,	0.106302,	0.0,	19.971878,	11.637072,	0.0,	0.005,	-1
19.971878,	-11.637072,	0.0,	39.943756,	-0.106302,	0.0,	0.005,	-1
19.971878,	11.637072,	0.0,	39.943756,	0.106302,	0.0,	0.005,	-1
39.943756,	-0.106302,	0.0,	59.915634,	-11.637072,	0.0,	0.005,	-1
39.943756,	0.106302,	0.0,	59.915634,	11.637072,	0.0,	0.005,	-1
59.915634,	-11.637072,	0.0,	79.887513,	-0.106302,	0.0,	0.005,	-1
59.915634,	11.637072,	0.0,	79.887513,	0.106302,	0.0,	0.005,	-1
79.887513,	-0.106302,	0.0,	79.887513,	0.106302,	0.0,	0.005,	-1
*** Source ***
1,	1
w1c,	0.0,	1.0
*** Load ***
1,	1
w10c,	1,	450.0,	0.0
*** Segmentation ***
800,	80,	2.0,	1
*** G/H/M/R/AzEl/X ***
0,	20.0,	0,	449.933343,	120.0,	0.0,	0.0
